name: unicycler_5
channels:
  - bioconda
  - defaults
dependencies:
  - _libgcc_mutex=0.1=main
  - blast=2.9.0=pl526he19e7b1_5
  - bowtie2=2.3.5.1=py37he513fc3_0
  - bzip2=1.0.8=h7b6447c_0
  - ca-certificates=2020.6.24=0
  - certifi=2020.6.20=py37_0
  - curl=7.69.1=hbc83047_0
  - entrez-direct=13.3=pl526h375a9b1_0
  - expat=2.2.9=he6710b0_2
  - freebayes=1.3.2=py37hc088bd4_0
  - htslib=1.9=h4da6232_3
  - krb5=1.17.1=h173b8e3_0
  - ld_impl_linux-64=2.33.1=h53a641e_7
  - libcurl=7.69.1=h20c2e04_0
  - libdeflate=1.2=h516909a_1
  - libedit=3.1.20181209=hc058e9b_0
  - libffi=3.2.1=hd88cf55_4
  - libgcc-ng=9.1.0=hdf63c60_0
  - libssh2=1.9.0=h1ba5d50_1
  - libstdcxx-ng=9.1.0=hdf63c60_0
  - miniasm=0.3_r179=hed695b0_1
  - ncurses=6.1=he6710b0_1
  - openjdk=8.0.152=h7b6447c_3
  - openssl=1.1.1g=h7b6447c_0
  - parallel=20160622=1
  - pcre=8.44=he6710b0_0
  - perl=5.26.2=h14c3975_0
  - perl-app-cpanminus=1.7044=pl526_1
  - perl-archive-tar=2.32=pl526_0
  - perl-base=2.23=pl526_1
  - perl-business-isbn=3.004=pl526_0
  - perl-business-isbn-data=20140910.003=pl526_0
  - perl-carp=1.38=pl526_3
  - perl-common-sense=3.74=pl526_2
  - perl-compress-raw-bzip2=2.087=pl526he1b5a44_0
  - perl-compress-raw-zlib=2.087=pl526hc9558a2_0
  - perl-constant=1.33=pl526_1
  - perl-data-dumper=2.173=pl526_0
  - perl-digest-hmac=1.03=pl526_3
  - perl-digest-md5=2.55=pl526_0
  - perl-encode=2.88=pl526_1
  - perl-encode-locale=1.05=pl526_6
  - perl-exporter=5.72=pl526_1
  - perl-exporter-tiny=1.002001=pl526_0
  - perl-extutils-makemaker=7.36=pl526_1
  - perl-file-listing=6.04=pl526_1
  - perl-file-path=2.16=pl526_0
  - perl-file-temp=0.2304=pl526_2
  - perl-html-parser=3.72=pl526h6bb024c_5
  - perl-html-tagset=3.20=pl526_3
  - perl-html-tree=5.07=pl526_1
  - perl-http-cookies=6.04=pl526_0
  - perl-http-daemon=6.01=pl526_1
  - perl-http-date=6.02=pl526_3
  - perl-http-message=6.18=pl526_0
  - perl-http-negotiate=6.01=pl526_3
  - perl-io-compress=2.087=pl526he1b5a44_0
  - perl-io-html=1.001=pl526_2
  - perl-io-socket-ssl=2.066=pl526_0
  - perl-io-zlib=1.10=pl526_2
  - perl-json=4.02=pl526_0
  - perl-json-xs=2.34=pl526h6bb024c_3
  - perl-libwww-perl=6.39=pl526_0
  - perl-list-moreutils=0.428=pl526_1
  - perl-list-moreutils-xs=0.428=pl526_0
  - perl-lwp-mediatypes=6.04=pl526_0
  - perl-lwp-protocol-https=6.07=pl526_4
  - perl-mime-base64=3.15=pl526_1
  - perl-mozilla-ca=20180117=pl526_1
  - perl-net-http=6.19=pl526_0
  - perl-net-ssleay=1.88=pl526h90d6eec_0
  - perl-ntlm=1.09=pl526_4
  - perl-parent=0.236=pl526_1
  - perl-pathtools=3.75=pl526h14c3975_1
  - perl-scalar-list-utils=1.52=pl526h516909a_0
  - perl-socket=2.027=pl526_1
  - perl-storable=3.15=pl526h14c3975_0
  - perl-test-requiresinternet=0.05=pl526_0
  - perl-threaded=5.26.0=0
  - perl-time-local=1.28=pl526_1
  - perl-try-tiny=0.30=pl526_1
  - perl-types-serialiser=1.0=pl526_2
  - perl-uri=1.76=pl526_0
  - perl-www-robotrules=6.02=pl526_3
  - perl-xml-namespacesupport=1.12=pl526_0
  - perl-xml-parser=2.44=pl526h4e0c4b3_7
  - perl-xml-sax=1.02=pl526_0
  - perl-xml-sax-base=1.09=pl526_0
  - perl-xml-sax-expat=0.51=pl526_3
  - perl-xml-simple=2.25=pl526_1
  - perl-xsloader=0.24=pl526_0
  - pilon=1.23=2
  - pip=20.1.1=py37_1
  - python=3.7.6=h0371630_2
  - racon=1.4.13=he513fc3_0
  - readline=7.0=h7b6447c_5
  - samtools=1.9=h10a08f8_12
  - setuptools=49.2.0=py37_0
  - spades=3.11.1=hb7ba0dd_4
  - sqlite=3.31.1=h7b6447c_0
  - tbb=2020.0=hfd86e86_0
  - tk=8.6.10=hbc83047_0
  - unicycler=0.4.8=py37h8b12597_0
  - wheel=0.34.2=py37_0
  - xz=5.2.5=h7b6447c_0
  - zlib=1.2.11=h7b6447c_3
prefix: /Users/robertwoods/anaconda/envs/unicycler_4


